0 1
1.76295012235641
0 2
2.81133604049683
0 3
3.21792030334473
0 4
3.21792030334473
0 5
3.21792030334473
0 6
3.21792030334473
0 7
3.21792030334473
0 8
3.21792030334473
0 9
3.21792030334473
0 10
3.21792030334473
1 2
1.71439790725708
1 3
2.30195665359497
1 4
2.68653231859207
1 5
2.68653231859207
1 6
2.68653231859207
1 7
2.68653231859207
1 8
2.68653231859207
1 9
2.68653231859207
1 10
2.68653231859207
2 3
0.587558746337891
2 4
1.01371240615845
2 5
1.63192343711853
2 6
2.07055473327637
2 7
2.1178612112999
2 8
2.1178612112999
2 9
2.1178612112999
2 10
2.1178612112999
3 4
0.426153659820557
3 5
1.04436469078064
3 6
1.48299598693848
3 7
1.82720685005188
3 8
1.82720685005188
3 9
1.82720685005188
3 10
1.82720685005188
4 5
0.618211030960083
4 6
1.05684232711792
4 7
1.46485424041748
4 8
1.56769514083862
4 9
1.67944845557213
4 10
1.67944845557213
5 6
0.558868408203125
5 7
0.846643209457397
5 8
0.94948410987854
5 9
1.24735188484192
5 10
1.41719675064087
6 7
0.408011913299561
6 8
0.510852813720703
6 9
0.808720588684082
6 10
0.978565454483032
7 8
0.102840900421143
7 9
0.400708675384521
7 10
0.570553541183472
8 9
0.297867774963379
8 10
0.467712640762329
9 10
0.16984486579895
