20.580141894 1.92943282438
20.1221803356 0.79144367857
19.398336731 2.05279979975
20.0925523202 1.56870094003
20.2901987891 2.797646114
18.3954713935 4.00900532586
19.5231954321 3.09079113292
18.8288434451 3.85407178797
17.437218446 4.6431142341
18.0658789766 4.43839497437
17.314537928 4.61417762313
16.3164775856 5.26631726964
16.4705403774 4.49766402281
16.4973196164 5.26510141588
14.7373746817 4.0474590567
15.6025536015 4.20323570232
14.7624425099 5.35157665664
13.236615746 5.26199531018
14.1192854835 3.33613276107
13.9670761704 2.92702814825
13.0600921869 3.54367163288
12.2946222379 2.65278860084
12.414971143 1.61721751454
12.3761512374 2.21926895878
12.4013464528 1.79481753665
12.6216884623 0.997292175817
11.7069603506 0.734599453489
11.3928136472 0.573602139319
12.6210569643 0.0284767686093
11.8490036431 -1.11785967659
12.2525499638 -1.15778235969
12.8305068094 -2.5220908399
14.4192537845 -2.37145215336
13.8224341893 -1.80868477285
13.7079719376 -3.0412318206
14.7305474707 -2.57979581704
15.0397520936 -2.56093624277
15.5453679214 -2.87496259294
15.6807141672 -2.56082012178
16.3729775131 -3.57540271282
18.2110778959 -3.70657095427
17.2125501253 -3.50789175054
18.8864662491 -1.5878681398
19.2253900964 -2.4463300455
18.5972814545 -2.68691933238
19.6615558533 -1.41137808507
19.3991396172 -1.75424039833
18.9043700769 -0.981623478806
19.9786649803 -0.425690110047
19.378298887 1.06586377174
20.9211767252 0.824046072518
33.821544469 1.20494668191
33.3042114196 2.02213843584
33.7384102027 2.26838894676
32.6032167912 1.9233039544
33.7871573615 2.80793717472
31.9042082366 3.36213598863
33.3232338245 2.63642887109
31.8533212845 3.18182722612
32.7049764309 3.61448151197
32.7161243138 3.39075706831
31.8437898506 3.58511986932
32.0572968793 5.41607417379
30.6252920633 4.93847204305
30.9893531782 5.60357937087
31.2335156506 5.0231759446
31.2744509078 6.39229669167
30.95010668 5.9724488287
29.0011424847 7.25218804164
29.0252491897 5.69271883813
29.1874215404 7.46372567622
28.802730528 6.76125420706
28.4946053736 7.162286346
28.8128953893 6.08477763839
27.2097471287 6.95378588497
27.4585247727 6.36842727031
27.1028083128 7.15784558275
26.7175112722 6.29983576271
25.5669549535 7.41784805214
25.4395231756 7.66078505611
26.0974640135 7.12219991554
25.6401512797 5.91679720776
25.5775416074 7.35724326003
25.0350222119 6.47259855804
23.6084658136 5.74616214926
23.456408339 5.95175722378
22.6957744717 6.29864150434
22.9104530699 4.82473407991
22.1586664839 5.97906153662
21.8788080104 5.11366188954
21.5106608128 4.85466343891
21.8191848124 3.73041073526
21.2078064729 3.62087212249
21.7817155754 3.60617684342
21.3771994415 3.89581603409
20.4949634842 3.02002114959
21.109045983 3.11241918078
20.7475837595 3.43919107922
21.9578514815 1.65216817956
20.5285754164 1.88595542689
20.9137918432 1.41548756478
20.1946072262 1.94450444085
20.8156624126 0.467885838209
20.1459933582 -0.429305601408
20.3294360541 -0.0320139548413
21.4083209866 -0.72888444076
22.0611467259 -1.32775160679
21.1833866025 -0.533117787514
21.4506879729 -1.89957565576
21.3951728036 -2.56898640003
21.0746956958 -1.52054970239
22.6756633728 -3.18118970865
22.4521438511 -2.13739719429
23.4783364927 -3.51636402008
22.3108779225 -2.80638998037
23.3855109126 -3.24408201004
24.0049975516 -4.11827657266
23.9426564534 -3.20007306856
23.1895929388 -3.89257087831
24.9371803217 -4.91045347065
24.3268917799 -4.55526022143
25.5633486038 -4.16129455642
25.8701628511 -5.08717401733
25.3997790482 -4.58075693925
25.9734427188 -4.07972434675
25.7924547349 -4.44091058288
27.2601448617 -4.9683115719
28.1432933639 -4.57413405871
28.081487425 -5.61230057593
27.6850708321 -3.90607623089
28.6855664912 -5.70654715353
28.0257264309 -4.91592141806
30.0445722533 -3.58689879189
29.4662770695 -3.59655327788
29.7923161997 -3.53046049553
30.1999738137 -4.54978206069
29.5959983924 -4.47069022509
31.741937021 -3.62608899011
30.5531166401 -3.9830153721
31.562367103 -3.86779534612
30.6899684878 -2.91306155428
32.4732789969 -3.227451389
32.8332554772 -2.72790392503
32.4181992883 -1.35895371807
33.0775010929 -1.32934029803
32.9802270937 -1.32214152455
31.9908841885 -1.0299997059
33.189687872 -0.718005512256
32.9364561754 -0.428493694347
32.7427119891 0.660731863127
33.0797385045 -0.217538053951
32.5133089919 1.48242865161
