0 1
48.4064564164728
0 1
34.854483531788
0 1
26.703181354329
0 1
23.1399092804641
0 1
21.983697058633
0 1
19.5578288771212
0 1
18.6219392716885
0 1
18.3537469469011
0 1
19.235366076231
0 1
19.9721556715667
1 2
24.4038381129503
1 3
39.9093841649592
1 4
49.5140963755548
1 5
54.8437864892185
1 6
58.6057341750711
1 7
61.2372038867325
1 8
62.2314166799188
1 9
63.5805218610913
1 10
64.3749670758843
2 3
16.4477686174214
2 4
26.052238214761
2 5
32.2911365367472
2 6
38.1627102289349
2 7
41.8000096026808
2 8
43.546298854053
2 9
45.9258523117751
2 10
47.4139994494617
3 4
10.5547424182296
3 5
17.1038620360196
3 6
23.3595047425479
3 7
27.4859593156725
3 8
29.749845225364
3 9
32.8422338124365
3 10
34.7388906814158
4 5
7.41023745387793
4 6
13.9458430949599
4 7
18.2156308349222
4 8
20.6954413130879
4 9
23.9404432643205
4 10
26.1442482583225
5 6
7.31221956759691
5 7
11.6242520194501
5 8
14.1888087075204
5 9
17.5494403894991
5 10
19.7843709550798
6 7
4.96250449120998
6 8
7.72737725637853
6 9
11.1007296685129
6 10
13.3835222907364
7 8
3.33795008435845
7 9
6.7137104999274
7 10
8.94515622034669
8 9
4.00284725986421
8 10
6.63708130083978
9 10
3.18622432090342
