0.0 0.04569976404309273
0.0 0.13228538632392883
0.0 0.13525544106960297
0.0 0.1559700071811676
0.0 0.175983726978302
0.0 0.17881940305233002
0.0 0.18920621275901794
0.0 0.19097237288951874
0.0 0.20125770568847656
0.0 0.20559227466583252
0.0 0.2197318971157074
0.0 0.2222825586795807
0.0 0.23245736956596375
0.0 0.24844639003276825
0.0 0.2556591033935547
0.0 0.2588576674461365
0.0 0.2776205539703369
0.0 0.2858884036540985
0.0 0.28918883204460144
0.0 0.28974515199661255
0.0 0.30200299620628357
0.0 0.30622780323028564
0.0 0.30881741642951965
0.0 0.31566083431243896
0.0 0.33312657475471497
0.0 0.33577674627304077
0.0 0.33898216485977173
0.0 0.34935787320137024
0.0 0.3545956015586853
0.0 0.3562406897544861
0.0 0.3590390682220459
0.0 0.365848183631897
0.0 0.3695184886455536
0.0 0.38640251755714417
0.0 0.38994720578193665
0.0 0.39583727717399597
0.0 0.39763370156288147
0.0 0.40065160393714905
0.0 0.40106117725372314
0.0 0.4017159342765808
0.0 0.4092273414134979
0.0 0.4119170606136322
0.0 0.4215209484100342
0.0 0.4304753839969635
0.0 0.4343234598636627
0.0 0.435337096452713
0.0 0.43937888741493225
0.0 0.4490324854850769
0.0 0.46705466508865356
0.0 0.47395387291908264
0.0 0.4786446988582611
0.0 0.4835319519042969
0.0 0.48989617824554443
0.0 0.4995359480381012
0.0 0.5016690492630005
0.0 0.5157315731048584
0.0 0.5164225101470947
0.0 0.5244916677474976
0.0 0.5255614519119263
0.0 0.5284406542778015
0.0 0.5285205841064453
0.0 0.5359463095664978
0.0 0.540312647819519
0.0 0.5469334125518799
0.0 0.5573253631591797
0.0 0.5609266757965088
0.0 0.5632533431053162
0.0 0.5634322166442871
0.0 0.5637617111206055
0.0 0.5661835074424744
0.0 0.568187952041626
0.0 0.5736858248710632
0.0 0.5883060693740845
0.0 0.5912401676177979
0.0 0.6136544942855835
0.0 0.6168540120124817
0.0 0.6304805278778076
0.0 0.632799506187439
0.0 0.6420328617095947
0.0 0.6506438851356506
0.0 0.6579479575157166
0.0 0.6677528619766235
0.0 0.6751701235771179
0.0 0.6777110695838928
0.0 0.6815203428268433
0.0 0.6816474199295044
0.0 0.6828936338424683
0.0 0.691251277923584
0.0 0.7002758383750916
0.0 0.7054374814033508
0.0 0.7137405872344971
0.0 0.7175900340080261
0.0 0.7332752346992493
0.0 0.7347936630249023
0.0 0.7411032319068909
0.0 0.7419763803482056
0.0 0.7432296872138977
0.0 0.74699866771698
0.0 0.7546327114105225
0.0 0.7637675404548645
0.0 0.7638641595840454
0.0 0.7660008072853088
0.0 0.7679598927497864
0.0 0.7700075507164001
0.0 0.7711449861526489
0.0 0.7741565108299255
0.0 0.780724287033081
0.0 0.7903478145599365
0.0 0.7931647300720215
0.0 0.7935469150543213
0.0 0.7991036772727966
0.0 0.8031376004219055
0.0 0.8166574239730835
0.0 0.8175358772277832
0.0 0.8181806206703186
0.0 0.8193637728691101
0.0 0.8198166489601135
0.0 0.8215330839157104
0.0 0.8274956941604614
0.0 0.8317294120788574
0.0 0.8354114890098572
0.0 0.8417584896087646
0.0 0.8457638621330261
0.0 0.8614053130149841
0.0 0.8631284832954407
0.0 0.8868120312690735
0.0 0.8916075229644775
0.0 0.8954122066497803
0.0 0.9040332436561584
0.0 0.9067197442054749
0.0 0.909117579460144
0.0 0.9265020489692688
0.0 0.932040274143219
0.0 0.9462085962295532
0.0 0.9468055367469788
0.0 0.9474658966064453
0.0 0.9607910513877869
0.0 0.9654560685157776
0.0 0.9705163836479187
0.0 0.9789327383041382
0.0 1.0
0.0 1.0
0.0 1.0
0.0 1.0
0.0 1.0
0.0 1.0
0.0 1.0
0.0 1.0
0.0 1.0
0.0 1.0
0.0 1.0
0.0 inf
1.3870904445648193 1.5014715194702148
1.1035455465316772 3.767793655395508
1.0553812980651855 1.3756989240646362
1.0442841053009033 1.1512012481689453
1.0367201566696167 1.0676629543304443
1.0286452770233154 5.474432468414307
1.025428295135498 1.0963478088378906
1.000200867652893 1.0028023719787598
1.0 1.3149412870407104
1.0 1.0220698118209839
1.0 1.1115237474441528
1.0 1.0339956283569336
1.0 1.1146756410598755
1.0 1.0390349626541138
1.0 1.2651417255401611
1.0 1.0641034841537476
0.9939771890640259 1.0
0.9807146191596985 1.1355165243148804
0.9787980318069458 1.066267967224121
0.9730662703514099 1.0211029052734375
0.9305433630943298 1.2045222520828247
