0.0 0.024906741455197334
0.0 0.051763854920864105
0.0 0.06272730976343155
0.0 0.07099985331296921
0.0 0.07335416227579117
0.0 0.0735815167427063
0.0 0.07827740907669067
0.0 0.08758849650621414
0.0 0.08842533826828003
0.0 0.09584052860736847
0.0 0.10519109666347504
0.0 0.11586534231901169
0.0 0.11924949288368225
0.0 0.1216639056801796
0.0 0.1254309117794037
0.0 0.13614842295646667
0.0 0.13667187094688416
0.0 0.14166554808616638
0.0 0.1569918543100357
0.0 0.16090741753578186
0.0 0.16160209476947784
0.0 0.16165505349636078
0.0 0.16326303780078888
0.0 0.16773690283298492
0.0 0.17070835828781128
0.0 0.17140519618988037
0.0 0.17802837491035461
0.0 0.180555060505867
0.0 0.1833299845457077
0.0 0.19193978607654572
0.0 0.19269676506519318
0.0 0.19315283000469208
0.0 0.19775354862213135
0.0 0.2041979283094406
0.0 0.2136405110359192
0.0 0.2155427783727646
0.0 0.21845240890979767
0.0 0.21894203126430511
0.0 0.22116467356681824
0.0 0.22363178431987762
0.0 0.22629791498184204
0.0 0.22977744042873383
0.0 0.23003166913986206
0.0 0.23444926738739014
0.0 0.23588618636131287
0.0 0.23649543523788452
0.0 0.23654189705848694
0.0 0.2372334748506546
0.0 0.24415737390518188
0.0 0.24610893428325653
0.0 0.24698181450366974
0.0 0.24819433689117432
0.0 0.25027772784233093
0.0 0.25472912192344666
0.0 0.25593429803848267
0.0 0.25771158933639526
0.0 0.2577117085456848
0.0 0.2621218264102936
0.0 0.26457586884498596
0.0 0.2657342255115509
0.0 0.2686392068862915
0.0 0.281719446182251
0.0 0.28630802035331726
0.0 0.28640300035476685
0.0 0.2868891656398773
0.0 0.2898405194282532
0.0 0.2911638915538788
0.0 0.2942793667316437
0.0 0.29439595341682434
0.0 0.2954806983470917
0.0 0.2960842549800873
0.0 0.29647085070610046
0.0 0.2983313202857971
0.0 0.3030241131782532
0.0 0.30687135457992554
0.0 0.3127302825450897
0.0 0.3164321482181549
0.0 0.32585781812667847
0.0 0.3372005522251129
0.0 0.34207603335380554
0.0 0.34808406233787537
0.0 0.34810036420822144
0.0 0.34960854053497314
0.0 0.35000088810920715
0.0 0.35006189346313477
0.0 0.3630584478378296
0.0 0.3670813739299774
0.0 0.37524211406707764
0.0 0.3793180286884308
0.0 0.38070446252822876
0.0 0.38581353425979614
0.0 0.39483508467674255
0.0 0.40008363127708435
0.0 0.40282076597213745
0.0 0.40414413809776306
0.0 0.4085116982460022
0.0 0.41121694445610046
0.0 0.41419726610183716
0.0 0.42552193999290466
0.0 0.42562350630760193
0.0 0.4395599663257599
0.0 0.4412670433521271
0.0 0.44455045461654663
0.0 0.44507214426994324
0.0 0.4478570818901062
0.0 0.4569810628890991
0.0 0.4572925269603729
0.0 0.4573924243450165
0.0 0.45926186442375183
0.0 0.45941728353500366
0.0 0.4681030809879303
0.0 0.4728406071662903
0.0 0.4741974472999573
0.0 0.4780219793319702
0.0 0.4819272756576538
0.0 0.4839315712451935
0.0 0.48562508821487427
0.0 0.4941154420375824
0.0 0.5001541972160339
0.0 0.5023626089096069
0.0 0.5029650926589966
0.0 0.5050278306007385
0.0 0.5097123384475708
0.0 0.5106250643730164
0.0 0.5188208818435669
0.0 0.5190107226371765
0.0 0.5203138589859009
0.0 0.5213605165481567
0.0 0.5219200849533081
0.0 0.5277186036109924
0.0 0.5349522233009338
0.0 0.5367172956466675
0.0 0.5385385155677795
0.0 0.5472205281257629
0.0 0.5516007542610168
0.0 0.5569294691085815
0.0 0.5575315356254578
0.0 0.5619200468063354
0.0 0.5666036605834961
0.0 0.5715854167938232
0.0 0.5716156363487244
0.0 0.6164503693580627
0.0 0.6192597150802612
0.0 0.6311586499214172
0.0 0.6408730149269104
0.0 0.6467995643615723
0.0 0.6472476124763489
0.0 0.6545038819313049
0.0 0.6749168634414673
0.0 0.6976335048675537
0.0 0.7048643827438354
0.0 inf
0.9594634771347046 0.9749484658241272
0.9053884148597717 1.0
0.8853930830955505 0.9453014135360718
0.8460435271263123 0.9306092858314514
0.7755285501480103 2.4224905967712402
0.7710121273994446 0.9317391514778137
0.7395784258842468 2.875227212905884
0.7388198971748352 0.7736244797706604
0.7218907475471497 0.7309526205062866
0.7118334770202637 0.7136849761009216
0.7116904854774475 0.7442920804023743
0.7055997252464294 0.7985631227493286
0.6980453133583069 0.8441444039344788
0.6272445321083069 1.0
0.5928904414176941 0.7523337006568909
0.5526845455169678 0.5715803503990173
0.5153471231460571 0.517148494720459
0.48896679282188416 0.5066896080970764
0.4705089032649994 0.5057371258735657
