0.0 0.026188615709543228
0.0 0.06730470806360245
0.0 0.06975337117910385
0.0 0.08571595698595047
0.0 0.09050799161195755
0.0 0.10032914578914642
0.0 0.10385417193174362
0.0 0.1177826002240181
0.0 0.12255902588367462
0.0 0.1259104460477829
0.0 0.12787370383739471
0.0 0.13306282460689545
0.0 0.13506503403186798
0.0 0.14048156142234802
0.0 0.1485685259103775
0.0 0.15805058181285858
0.0 0.17379511892795563
0.0 0.17889270186424255
0.0 0.18379484117031097
0.0 0.18656474351882935
0.0 0.1905929148197174
0.0 0.1969424933195114
0.0 0.20114032924175262
0.0 0.20272032916545868
0.0 0.20946960151195526
0.0 0.21095626056194305
0.0 0.21115346252918243
0.0 0.23412424325942993
0.0 0.23515862226486206
0.0 0.2395792156457901
0.0 0.24132393300533295
0.0 0.24293702840805054
0.0 0.24552440643310547
0.0 0.2478940188884735
0.0 0.24931176006793976
0.0 0.2525440454483032
0.0 0.252814382314682
0.0 0.25438565015792847
0.0 0.2611983120441437
0.0 0.26803508400917053
0.0 0.2763125002384186
0.0 0.2778039276599884
0.0 0.2796054184436798
0.0 0.28127583861351013
0.0 0.2838688790798187
0.0 0.29191648960113525
0.0 0.2943616211414337
0.0 0.29494956135749817
0.0 0.29776671528816223
0.0 0.3035047948360443
0.0 0.30448973178863525
0.0 0.3053833842277527
0.0 0.30995768308639526
0.0 0.31483691930770874
0.0 0.31560319662094116
0.0 0.3162267506122589
0.0 0.31899717450141907
0.0 0.32081910967826843
0.0 0.3236759603023529
0.0 0.32760003209114075
0.0 0.33248305320739746
0.0 0.3336680829524994
0.0 0.33503618836402893
0.0 0.34073787927627563
0.0 0.3425806164741516
0.0 0.3477475941181183
0.0 0.3591609597206116
0.0 0.35981160402297974
0.0 0.3612062931060791
0.0 0.3627304434776306
0.0 0.36274653673171997
0.0 0.37100374698638916
0.0 0.37441399693489075
0.0 0.37799614667892456
0.0 0.3782500624656677
0.0 0.38692930340766907
0.0 0.396523118019104
0.0 0.39694979786872864
0.0 0.3997017443180084
0.0 0.4076654613018036
0.0 0.4090287387371063
0.0 0.4318385422229767
0.0 0.43840137124061584
0.0 0.4484444260597229
0.0 0.45195356011390686
0.0 0.45416268706321716
0.0 0.4591735899448395
0.0 0.46301111578941345
0.0 0.46888476610183716
0.0 0.47668492794036865
0.0 0.47754836082458496
0.0 0.4930419325828552
0.0 0.4943268299102783
0.0 0.49591532349586487
0.0 0.4974788725376129
0.0 0.5080969333648682
0.0 0.5125638842582703
0.0 0.5157151222229004
0.0 0.5193774104118347
0.0 0.5198985934257507
0.0 0.5258945822715759
0.0 0.5316681265830994
0.0 0.5339127779006958
0.0 0.5527055859565735
0.0 0.5559936761856079
0.0 0.5566725134849548
0.0 0.5582666993141174
0.0 0.559515655040741
0.0 0.5606760382652283
0.0 0.5611890554428101
0.0 0.5736243724822998
0.0 0.5737558603286743
0.0 0.5776706337928772
0.0 0.5787703394889832
0.0 0.579723596572876
0.0 0.5798149108886719
0.0 0.5871577858924866
0.0 0.5896485447883606
0.0 0.5900092720985413
0.0 0.5913050770759583
0.0 0.5967008471488953
0.0 0.5980761051177979
0.0 0.6107693910598755
0.0 0.6158159971237183
0.0 0.6210934519767761
0.0 0.6259286999702454
0.0 0.6290915012359619
0.0 0.6315342783927917
0.0 0.6349905729293823
0.0 0.6485748291015625
0.0 0.6486771702766418
0.0 0.6599169969558716
0.0 0.6642557382583618
0.0 0.6648887395858765
0.0 0.6668057441711426
0.0 0.67369145154953
0.0 0.6841256618499756
0.0 0.6841874122619629
0.0 0.6854041814804077
0.0 0.693401038646698
0.0 0.6976518034934998
0.0 0.7052191495895386
0.0 0.7276813983917236
0.0 0.7284433245658875
0.0 0.7382703423500061
0.0 0.7422609925270081
0.0 0.7778286337852478
0.0 0.791559100151062
0.0 0.7979365587234497
0.0 0.8423355221748352
0.0 0.8686578869819641
0.0 inf
1.0 1.013074517250061
0.9977666139602661 1.0
0.9783135056495667 1.0
0.9366251826286316 1.0
0.9227464199066162 1.0
0.903556764125824 0.9133889079093933
0.883450448513031 2.960893392562866
0.8766418099403381 0.9771713018417358
0.8688324093818665 0.8710922598838806
0.8478798270225525 1.0069059133529663
0.8265032768249512 0.8520260453224182
0.8195237517356873 0.8874813914299011
0.8137186765670776 3.7311055660247803
0.8121309280395508 0.9675394892692566
0.7949598431587219 0.899696409702301
0.7901569604873657 0.9153867959976196
0.7742004990577698 0.8006697297096252
0.7449724674224854 1.1382883787155151
0.6962430477142334 0.81005859375
0.6960424780845642 0.9680145978927612
0.6702861189842224 0.8760688900947571
0.663570761680603 0.7306624054908752
