0.0 0.039977431297302246
0.0 0.0711057111620903
0.0 0.07511495798826218
0.0 0.10516825318336487
0.0 0.10992298275232315
0.0 0.11059775203466415
0.0 0.11114203929901123
0.0 0.12568016350269318
0.0 0.12835299968719482
0.0 0.12949803471565247
0.0 0.1382087618112564
0.0 0.14090287685394287
0.0 0.15422722697257996
0.0 0.15800370275974274
0.0 0.16754037141799927
0.0 0.184571772813797
0.0 0.18739484250545502
0.0 0.20444492995738983
0.0 0.20546184480190277
0.0 0.21516574919223785
0.0 0.21783174574375153
0.0 0.22021998465061188
0.0 0.22848935425281525
0.0 0.23731540143489838
0.0 0.2379416525363922
0.0 0.2422470897436142
0.0 0.2433965504169464
0.0 0.24348443746566772
0.0 0.2446877807378769
0.0 0.24943648278713226
0.0 0.2543078660964966
0.0 0.2573162019252777
0.0 0.2580251693725586
0.0 0.26867473125457764
0.0 0.2841466963291168
0.0 0.28457939624786377
0.0 0.2959478795528412
0.0 0.3001083731651306
0.0 0.3008301556110382
0.0 0.3049706816673279
0.0 0.30588650703430176
0.0 0.3131183385848999
0.0 0.31414180994033813
0.0 0.3150947093963623
0.0 0.31644558906555176
0.0 0.3172326385974884
0.0 0.31968268752098083
0.0 0.3203775882720947
0.0 0.3217015862464905
0.0 0.3224792778491974
0.0 0.3337899148464203
0.0 0.33541426062583923
0.0 0.3400339186191559
0.0 0.3421343266963959
0.0 0.34242063760757446
0.0 0.34772631525993347
0.0 0.3480956256389618
0.0 0.36133891344070435
0.0 0.36483922600746155
0.0 0.3696678578853607
0.0 0.371560275554657
0.0 0.3718377649784088
0.0 0.38282299041748047
0.0 0.3836246132850647
0.0 0.38752996921539307
0.0 0.3929338753223419
0.0 0.39803287386894226
0.0 0.3994327187538147
0.0 0.4057868421077728
0.0 0.4071670472621918
0.0 0.4166032075881958
0.0 0.41845273971557617
0.0 0.4311770498752594
0.0 0.43406811356544495
0.0 0.44108250737190247
0.0 0.44241228699684143
0.0 0.4446098208427429
0.0 0.44759148359298706
0.0 0.44849109649658203
0.0 0.4527137875556946
0.0 0.46093010902404785
0.0 0.46269410848617554
0.0 0.4699343144893646
0.0 0.47254255414009094
0.0 0.4966815710067749
0.0 0.49759402871131897
0.0 0.4989902377128601
0.0 0.5073407292366028
0.0 0.5168694853782654
0.0 0.5359756350517273
0.0 0.5399235486984253
0.0 0.5404025316238403
0.0 0.5440008640289307
0.0 0.5553818345069885
0.0 0.5572408437728882
0.0 0.5584954023361206
0.0 0.5589419603347778
0.0 0.5677617192268372
0.0 0.571819007396698
0.0 0.5726397037506104
0.0 0.5726842284202576
0.0 0.5737645030021667
0.0 0.5822553038597107
0.0 0.5835781693458557
0.0 0.6076392531394958
0.0 0.6087591648101807
0.0 0.6098707318305969
0.0 0.611283540725708
0.0 0.6118745803833008
0.0 0.6185277700424194
0.0 0.6221291422843933
0.0 0.6235805749893188
0.0 0.6282361149787903
0.0 0.6306737065315247
0.0 0.6324161887168884
0.0 0.6451438665390015
0.0 0.6510287523269653
0.0 0.6631279587745667
0.0 0.676339328289032
0.0 0.6783673763275146
0.0 0.6822668313980103
0.0 0.6856839656829834
0.0 0.6921458840370178
0.0 0.6932881474494934
0.0 0.6981235146522522
0.0 0.6988424062728882
0.0 0.7016491293907166
0.0 0.706304132938385
0.0 0.7167373299598694
0.0 0.7190633416175842
0.0 0.7193029522895813
0.0 0.719516396522522
0.0 0.7233250737190247
0.0 0.7238975763320923
0.0 0.7347723245620728
0.0 0.7360276579856873
0.0 0.7382449507713318
0.0 0.7430038452148438
0.0 0.7493601441383362
0.0 0.7512772083282471
0.0 0.7652749419212341
0.0 0.7827491760253906
0.0 0.7995538711547852
0.0 0.8008931279182434
0.0 0.8155479431152344
0.0 0.8212682604789734
0.0 0.8269866704940796
0.0 0.8483539819717407
0.0 0.8698923587799072
0.0 0.907164990901947
0.0 0.9578129053115845
0.0 inf
1.1666805744171143 1.174708366394043
1.017313003540039 1.166824221611023
1.0 1.0044493675231934
1.0 1.002238392829895
0.997205376625061 1.0
0.9921349287033081 3.0578606128692627
0.9917144179344177 1.0
0.9635825157165527 1.1479840278625488
0.9553861618041992 1.017662525177002
0.9397581815719604 0.9814582467079163
0.9362990856170654 1.0276448726654053
0.9294167160987854 0.9656964540481567
0.8996658325195312 0.9079065918922424
0.8865332007408142 0.9881970286369324
0.8835867047309875 1.0
0.8806111216545105 1.0
0.8628719449043274 4.004271507263184
0.8470702171325684 0.9659966826438904
0.8001745343208313 0.8679406046867371
0.7559117674827576 0.9303427934646606
0.7537890076637268 1.2473725080490112
0.7521588206291199 0.8164154291152954
0.7221710085868835 1.0
0.7146434187889099 0.9437785744667053
