0.0 0.023892756551504135
0.0 0.049886882305145264
0.0 0.06008278205990791
0.0 0.06085169315338135
0.0 0.06202225759625435
0.0 0.06474337726831436
0.0 0.06938862800598145
0.0 0.08329565823078156
0.0 0.08655018359422684
0.0 0.09564926475286484
0.0 0.09732967615127563
0.0 0.11429747194051743
0.0 0.11582332849502563
0.0 0.11773694306612015
0.0 0.11907550692558289
0.0 0.12088317424058914
0.0 0.12167493253946304
0.0 0.13021723926067352
0.0 0.1368011236190796
0.0 0.1463126689195633
0.0 0.14864568412303925
0.0 0.15362752974033356
0.0 0.1562270224094391
0.0 0.1589406430721283
0.0 0.15897652506828308
0.0 0.16061070561408997
0.0 0.1634090393781662
0.0 0.1636435091495514
0.0 0.1704387664794922
0.0 0.1705932766199112
0.0 0.1714453548192978
0.0 0.17579974234104156
0.0 0.17900128662586212
0.0 0.18625681102275848
0.0 0.18857504427433014
0.0 0.19124634563922882
0.0 0.2003343105316162
0.0 0.20599091053009033
0.0 0.20715805888175964
0.0 0.21110260486602783
0.0 0.21439984440803528
0.0 0.21679623425006866
0.0 0.21959780156612396
0.0 0.22118599712848663
0.0 0.2229834347963333
0.0 0.22522856295108795
0.0 0.2259780913591385
0.0 0.22659923136234283
0.0 0.22795380651950836
0.0 0.23044615983963013
0.0 0.2312285602092743
0.0 0.23379458487033844
0.0 0.23606984317302704
0.0 0.23607297241687775
0.0 0.23758403956890106
0.0 0.23884057998657227
0.0 0.24160338938236237
0.0 0.24271230399608612
0.0 0.24293430149555206
0.0 0.24379555881023407
0.0 0.2516672611236572
0.0 0.253170371055603
0.0 0.25604450702667236
0.0 0.2579561173915863
0.0 0.26178261637687683
0.0 0.2620473802089691
0.0 0.26399391889572144
0.0 0.26820412278175354
0.0 0.2689938545227051
0.0 0.2696583867073059
0.0 0.2700808346271515
0.0 0.27243533730506897
0.0 0.2757069766521454
0.0 0.28138288855552673
0.0 0.2924078404903412
0.0 0.30023932456970215
0.0 0.3068818747997284
0.0 0.3110554814338684
0.0 0.3134247660636902
0.0 0.31514090299606323
0.0 0.3190634250640869
0.0 0.32110974192619324
0.0 0.32269948720932007
0.0 0.33415037393569946
0.0 0.33516523241996765
0.0 0.336870014667511
0.0 0.33798280358314514
0.0 0.3423745632171631
0.0 0.3486281633377075
0.0 0.35878127813339233
0.0 0.35924386978149414
0.0 0.3599175214767456
0.0 0.3665515184402466
0.0 0.3681316673755646
0.0 0.37277212738990784
0.0 0.3765806257724762
0.0 0.3852831721305847
0.0 0.38925525546073914
0.0 0.393827885389328
0.0 0.39430320262908936
0.0 0.39954468607902527
0.0 0.401626318693161
0.0 0.40480825304985046
0.0 0.40993615984916687
0.0 0.4104422628879547
0.0 0.4211467206478119
0.0 0.4252299964427948
0.0 0.4256335198879242
0.0 0.42746445536613464
0.0 0.4296392798423767
0.0 0.43597838282585144
0.0 0.43697071075439453
0.0 0.4390088617801666
0.0 0.4395240247249603
0.0 0.4401058554649353
0.0 0.44433674216270447
0.0 0.44906681776046753
0.0 0.44985461235046387
0.0 0.45316222310066223
0.0 0.4564259350299835
0.0 0.4623134136199951
0.0 0.4653436839580536
0.0 0.47455763816833496
0.0 0.4904566705226898
0.0 0.4925598204135895
0.0 0.49478429555892944
0.0 0.5014498829841614
0.0 0.5035182237625122
0.0 0.504620373249054
0.0 0.5062047243118286
0.0 0.5071690082550049
0.0 0.5182005763053894
0.0 0.5205109715461731
0.0 0.5207915902137756
0.0 0.5274940133094788
0.0 0.5285788774490356
0.0 0.5335940718650818
0.0 0.5351510643959045
0.0 0.5434530377388
0.0 0.5441892743110657
0.0 0.5567148923873901
0.0 0.5630737543106079
0.0 0.6136457324028015
0.0 0.617614209651947
0.0 0.6238621473312378
0.0 0.6266871094703674
0.0 0.6404471397399902
0.0 0.6408554911613464
0.0 0.6451089382171631
0.0 0.6579856872558594
0.0 0.6679773330688477
0.0 inf
0.9160547256469727 0.9301643967628479
0.8936613202095032 0.9526017904281616
0.8718647956848145 0.8920843601226807
0.8597358465194702 0.9179080724716187
0.8047390580177307 0.9275373816490173
0.7628079056739807 2.3755204677581787
0.7328885197639465 2.561746835708618
0.7280853986740112 0.7445781230926514
0.724409282207489 0.9028470516204834
0.7192091941833496 0.7376756072044373
0.6987257599830627 0.7907834649085999
0.6645203828811646 0.6662487983703613
0.6643868684768677 0.7375445365905762
0.6501615047454834 0.7272382378578186
0.6457188129425049 0.689754068851471
0.6395505666732788 0.7803929448127747
0.5446459054946899 0.9978378415107727
0.5388335585594177 0.5572558045387268
0.477866530418396 0.6773908734321594
0.4569568932056427 0.5010488033294678
