0.0 0.025933576747775078
0.0 0.053108640015125275
0.0 0.0644240602850914
0.0 0.07519758492708206
0.0 0.08023815602064133
0.0 0.08117838948965073
0.0 0.08783773332834244
0.0 0.10567429661750793
0.0 0.11194930225610733
0.0 0.11575555801391602
0.0 0.11651130765676498
0.0 0.11820637434720993
0.0 0.12051773816347122
0.0 0.12609630823135376
0.0 0.12939351797103882
0.0 0.14593231678009033
0.0 0.1569414883852005
0.0 0.16444526612758636
0.0 0.1659390777349472
0.0 0.16770562529563904
0.0 0.16867369413375854
0.0 0.1719769686460495
0.0 0.17365971207618713
0.0 0.1820625364780426
0.0 0.18987251818180084
0.0 0.1941346526145935
0.0 0.19537806510925293
0.0 0.2008330374956131
0.0 0.21636301279067993
0.0 0.2195030301809311
0.0 0.220529705286026
0.0 0.22542381286621094
0.0 0.22795340418815613
0.0 0.22814016044139862
0.0 0.2336101084947586
0.0 0.23763209581375122
0.0 0.24480272829532623
0.0 0.24688105285167694
0.0 0.24891650676727295
0.0 0.24995413422584534
0.0 0.25185948610305786
0.0 0.2538790702819824
0.0 0.25515681505203247
0.0 0.25654181838035583
0.0 0.25849708914756775
0.0 0.26324012875556946
0.0 0.26710039377212524
0.0 0.26729467511177063
0.0 0.2675013244152069
0.0 0.26846322417259216
0.0 0.27215108275413513
0.0 0.27362382411956787
0.0 0.27597853541374207
0.0 0.2824842929840088
0.0 0.28383544087409973
0.0 0.2894519865512848
0.0 0.28996217250823975
0.0 0.29888108372688293
0.0 0.3001610338687897
0.0 0.30017659068107605
0.0 0.3005238175392151
0.0 0.30163833498954773
0.0 0.3065493702888489
0.0 0.3119982182979584
0.0 0.3131444454193115
0.0 0.3168419897556305
0.0 0.317361444234848
0.0 0.31786224246025085
0.0 0.3185412287712097
0.0 0.32443171739578247
0.0 0.33190372586250305
0.0 0.3333275318145752
0.0 0.3383922874927521
0.0 0.34254521131515503
0.0 0.3450620770454407
0.0 0.34571409225463867
0.0 0.350373774766922
0.0 0.3562029004096985
0.0 0.35856756567955017
0.0 0.3592044711112976
0.0 0.375767320394516
0.0 0.3861141502857208
0.0 0.3964596688747406
0.0 0.39779481291770935
0.0 0.3982548117637634
0.0 0.39900606870651245
0.0 0.40431007742881775
0.0 0.4075412154197693
0.0 0.4092903435230255
0.0 0.4284742772579193
0.0 0.4306851923465729
0.0 0.43207377195358276
0.0 0.4363824427127838
0.0 0.4372136890888214
0.0 0.4526446759700775
0.0 0.4622757136821747
0.0 0.4625566601753235
0.0 0.4689544439315796
0.0 0.47027787566185
0.0 0.4767623841762543
0.0 0.48029229044914246
0.0 0.4829312562942505
0.0 0.4928934574127197
0.0 0.49527183175086975
0.0 0.4966294765472412
0.0 0.5084459781646729
0.0 0.5174214839935303
0.0 0.5192238092422485
0.0 0.5251619815826416
0.0 0.5295968055725098
0.0 0.5347522497177124
0.0 0.5368338227272034
0.0 0.5441993474960327
0.0 0.5460960865020752
0.0 0.5461922883987427
0.0 0.5521681308746338
0.0 0.5548864603042603
0.0 0.5558241009712219
0.0 0.5564982891082764
0.0 0.5568305850028992
0.0 0.5605345368385315
0.0 0.5614391565322876
0.0 0.5623053908348083
0.0 0.5645948648452759
0.0 0.5655324459075928
0.0 0.5669122934341431
0.0 0.5681967735290527
0.0 0.5687742233276367
0.0 0.5729160904884338
0.0 0.5749930739402771
0.0 0.5752373933792114
0.0 0.5771404504776001
0.0 0.5833673477172852
0.0 0.5873802900314331
0.0 0.5900419354438782
0.0 0.5907343626022339
0.0 0.5952813625335693
0.0 0.5977182984352112
0.0 0.6262370347976685
0.0 0.6306880116462708
0.0 0.6448972821235657
0.0 0.6450806856155396
0.0 0.6565529704093933
0.0 0.674881100654602
0.0 0.6924936771392822
0.0 0.7040367722511292
0.0 0.7183563709259033
0.0 0.7649067044258118
0.0 0.76972895860672
0.0 0.7806300520896912
0.0 0.7870873808860779
0.0 inf
0.9203360676765442 1.0105115175247192
0.9100634455680847 0.9511687755584717
0.8864493370056152 0.9464290738105774
0.8274144530296326 2.808098316192627
0.8206779360771179 0.9147897362709045
0.8031336665153503 0.8052226305007935
0.8029723763465881 0.924382746219635
0.7864425182342529 3.296318292617798
0.7765604257583618 0.8285502195358276
0.7732061147689819 1.0
0.7568963170051575 0.8031520247459412
0.7272062301635742 0.8938936591148376
0.7180077433586121 0.8126057982444763
0.6986286640167236 1.1021560430526733
0.6868810057640076 0.7498661279678345
0.6607452034950256 0.6833354830741882
0.64061439037323 0.7004138827323914
0.614285409450531 0.8825401067733765
0.5596779584884644 0.6069720983505249
