0.0 0.017592402175068855
0.0 0.03408551961183548
0.0 0.03920358419418335
0.0 0.042479947209358215
0.0 0.04401667043566704
0.0 0.04743102565407753
0.0 0.04890099912881851
0.0 0.052274394780397415
0.0 0.05660419911146164
0.0 0.07111980766057968
0.0 0.07156947255134583
0.0 0.07417507469654083
0.0 0.07809444516897202
0.0 0.08390048891305923
0.0 0.09238672256469727
0.0 0.1033186987042427
0.0 0.1047566831111908
0.0 0.10670441389083862
0.0 0.10987208038568497
0.0 0.11072895675897598
0.0 0.11588205397129059
0.0 0.1172981709241867
0.0 0.12262405455112457
0.0 0.12661002576351166
0.0 0.13067494332790375
0.0 0.13362668454647064
0.0 0.14684872329235077
0.0 0.14762987196445465
0.0 0.15025730431079865
0.0 0.1585623323917389
0.0 0.1614166498184204
0.0 0.1654222309589386
0.0 0.16858050227165222
0.0 0.17313876748085022
0.0 0.17377129197120667
0.0 0.17938125133514404
0.0 0.18046274781227112
0.0 0.18110251426696777
0.0 0.18233345448970795
0.0 0.182428777217865
0.0 0.1886819750070572
0.0 0.18874399363994598
0.0 0.1939326524734497
0.0 0.19977954030036926
0.0 0.20253710448741913
0.0 0.20279495418071747
0.0 0.20433583855628967
0.0 0.2069658637046814
0.0 0.21682636439800262
0.0 0.2172139436006546
0.0 0.2223324328660965
0.0 0.22451667487621307
0.0 0.23170046508312225
0.0 0.2317533642053604
0.0 0.2342277318239212
0.0 0.23660489916801453
0.0 0.23692110180854797
0.0 0.23969154059886932
0.0 0.24067477881908417
0.0 0.24915261566638947
0.0 0.24950216710567474
0.0 0.2628840208053589
0.0 0.26606595516204834
0.0 0.266619473695755
0.0 0.2674093246459961
0.0 0.26775094866752625
0.0 0.26960277557373047
0.0 0.2699395716190338
0.0 0.27901050448417664
0.0 0.28199660778045654
0.0 0.29150351881980896
0.0 0.29644331336021423
0.0 0.30508723855018616
0.0 0.32468995451927185
0.0 0.32636216282844543
0.0 0.33198681473731995
0.0 0.3364703953266144
0.0 0.34054386615753174
0.0 0.3411532938480377
0.0 0.34660810232162476
0.0 0.35426315665245056
0.0 0.3607872724533081
0.0 0.36837100982666016
0.0 0.36858034133911133
0.0 0.36968910694122314
0.0 0.37052246928215027
0.0 0.3707854747772217
0.0 0.37112948298454285
0.0 0.3750198781490326
0.0 0.37626248598098755
0.0 0.37841781973838806
0.0 0.39005106687545776
0.0 0.3918052911758423
0.0 0.39771196246147156
0.0 0.40453600883483887
0.0 0.40752875804901123
0.0 0.4078233242034912
0.0 0.41635704040527344
0.0 0.4233168065547943
0.0 0.4233236312866211
0.0 0.4248165786266327
0.0 0.42508962750434875
0.0 0.4276854395866394
0.0 0.43057939410209656
0.0 0.4536413550376892
0.0 0.46281200647354126
0.0 0.46459871530532837
0.0 0.46514391899108887
0.0 0.4726547598838806
0.0 0.4741919934749603
0.0 0.4876393973827362
0.0 0.5050848722457886
0.0 0.5100528597831726
0.0 0.5101158618927002
0.0 0.5263107419013977
0.0 0.5330601334571838
0.0 0.549842894077301
0.0 0.5502493977546692
0.0 0.567709743976593
0.0 0.5745977759361267
0.0 0.5762025713920593
0.0 0.6135072708129883
0.0 0.6394141912460327
0.0 0.6413625478744507
0.0 0.6484071612358093
0.0 0.6730976104736328
0.0 0.6950383186340332
0.0 0.6955003142356873
0.0 0.7053062319755554
0.0 0.7194533944129944
0.0 0.7264308929443359
0.0 0.7737405896186829
0.0 0.8271109461784363
0.0 0.8350241780281067
0.0 0.839777946472168
0.0 0.8418692350387573
0.0 0.8609538078308105
0.0 0.8757114410400391
0.0 0.8759596943855286
0.0 0.8869002461433411
0.0 0.8985382914543152
0.0 0.9636656641960144
0.0 0.9665933847427368
0.0 1.0263673067092896
0.0 1.0719472169876099
0.0 1.1047054529190063
0.0 1.1267468929290771
0.0 1.3156794309616089
0.0 1.3409810066223145
0.0 1.3684979677200317
0.0 1.3839086294174194
0.0 inf
1.5144613981246948 8.127760887145996
0.7350021004676819 0.8169723749160767
0.6282862424850464 0.632835865020752
0.6276447176933289 0.6891419291496277
0.5661901235580444 2.8341457843780518
0.5397504568099976 0.5649552941322327
0.5326252579689026 0.534010648727417
0.5325182676315308 0.6130356788635254
0.5293535590171814 0.5781383514404297
0.4982677698135376 0.7093436121940613
0.47148269414901733 0.533600926399231
0.44253626465797424 0.45418670773506165
0.4373403489589691 0.48842349648475647
0.4326317310333252 0.7378508448600769
0.4308784604072571 0.44560980796813965
0.37300631403923035 0.3752664625644684
0.3348059058189392 0.36136552691459656
0.24382096529006958 0.27944377064704895
0.24252155423164368 0.3040437698364258
