0.0 0.041411757469177246
0.0 0.10271000862121582
0.0 0.11579782515764236
0.0 0.12738414108753204
0.0 0.12768025696277618
0.0 0.1278834044933319
0.0 0.1281367540359497
0.0 0.14942099153995514
0.0 0.15223945677280426
0.0 0.15588998794555664
0.0 0.15849612653255463
0.0 0.16631615161895752
0.0 0.17481453716754913
0.0 0.18755319714546204
0.0 0.19316384196281433
0.0 0.19650721549987793
0.0 0.21155038475990295
0.0 0.2312772274017334
0.0 0.23535627126693726
0.0 0.24454744160175323
0.0 0.25103315711021423
0.0 0.25351467728614807
0.0 0.25980567932128906
0.0 0.26213881373405457
0.0 0.26719075441360474
0.0 0.2814643979072571
0.0 0.2864297330379486
0.0 0.2916460633277893
0.0 0.2929471731185913
0.0 0.29316774010658264
0.0 0.2968793213367462
0.0 0.29791927337646484
0.0 0.30287858843803406
0.0 0.3058013617992401
0.0 0.3139426112174988
0.0 0.3151974678039551
0.0 0.32531461119651794
0.0 0.3253796696662903
0.0 0.3276207447052002
0.0 0.33060935139656067
0.0 0.33270376920700073
0.0 0.33782222867012024
0.0 0.34050238132476807
0.0 0.34094759821891785
0.0 0.3410950005054474
0.0 0.3504105806350708
0.0 0.3541787564754486
0.0 0.36278605461120605
0.0 0.36568307876586914
0.0 0.36612600088119507
0.0 0.3746701776981354
0.0 0.3800666630268097
0.0 0.38363903760910034
0.0 0.3860214054584503
0.0 0.39638566970825195
0.0 0.3967975676059723
0.0 0.4058329463005066
0.0 0.40645143389701843
0.0 0.4098309278488159
0.0 0.4140803813934326
0.0 0.4159390330314636
0.0 0.42431026697158813
0.0 0.42965978384017944
0.0 0.4310404062271118
0.0 0.4419999420642853
0.0 0.4461231529712677
0.0 0.4551849663257599
0.0 0.45925018191337585
0.0 0.4690709114074707
0.0 0.4735947847366333
0.0 0.47466200590133667
0.0 0.47733595967292786
0.0 0.48092618584632874
0.0 0.48169654607772827
0.0 0.4895208477973938
0.0 0.4898480474948883
0.0 0.4931620955467224
0.0 0.49398374557495117
0.0 0.502637505531311
0.0 0.507713258266449
0.0 0.5172538161277771
0.0 0.5192194581031799
0.0 0.5272411108016968
0.0 0.5424171686172485
0.0 0.5429177284240723
0.0 0.5573984980583191
0.0 0.5656179189682007
0.0 0.5700777173042297
0.0 0.5735657811164856
0.0 0.5744436979293823
0.0 0.5805819630622864
0.0 0.5857883095741272
0.0 0.6007957458496094
0.0 0.6026439070701599
0.0 0.6179254055023193
0.0 0.6339094638824463
0.0 0.6445678472518921
0.0 0.6462010145187378
0.0 0.6510817408561707
0.0 0.6550782322883606
0.0 0.6627164483070374
0.0 0.6671290397644043
0.0 0.6764139533042908
0.0 0.6832939982414246
0.0 0.6939252018928528
0.0 0.6963876485824585
0.0 0.6969384551048279
0.0 0.6973925232887268
0.0 0.6989332437515259
0.0 0.7060201168060303
0.0 0.7076573967933655
0.0 0.707895040512085
0.0 0.7136867642402649
0.0 0.7226316332817078
0.0 0.722725510597229
0.0 0.7232351899147034
0.0 0.7240701913833618
0.0 0.7241238951683044
0.0 0.7263473272323608
0.0 0.7285110950469971
0.0 0.7365685105323792
0.0 0.737573504447937
0.0 0.7474732995033264
0.0 0.7592790126800537
0.0 0.761353075504303
0.0 0.7663166522979736
0.0 0.7780137658119202
0.0 0.7814826965332031
0.0 0.7882040143013
0.0 0.7895892858505249
0.0 0.7904384136199951
0.0 0.7905158400535583
0.0 0.7985801100730896
0.0 0.8001598715782166
0.0 0.8029763102531433
0.0 0.8260565400123596
0.0 0.8306064605712891
0.0 0.8390441536903381
0.0 0.8574411869049072
0.0 0.8773890137672424
0.0 0.8876262307167053
0.0 0.8894867897033691
0.0 0.8971219062805176
0.0 0.8989517688751221
0.0 0.9021163582801819
0.0 0.9118679761886597
0.0 0.9386496543884277
0.0 0.9603546857833862
0.0 0.9666040539741516
0.0 0.986731231212616
0.0 0.9997991919517517
0.0 inf
1.2012534141540527 1.2095190286636353
1.1794123649597168 1.2949724197387695
1.0494277477264404 1.0517767667770386
1.0 4.904362678527832
1.0 3.148475408554077
1.0 1.0027238130569458
1.0 1.0534963607788086
1.0 1.1227940320968628
1.0 1.1509699821472168
1.0 1.0026010274887085
1.0 1.0581663846969604
0.9824016094207764 1.0
0.9784067869186401 1.0
0.9624315500259399 1.0
0.9504375457763672 1.079293131828308
0.9205474257469177 1.0
0.9202619194984436 1.0
0.9153468608856201 1.0
0.8645484447479248 1.0
0.8559887409210205 1.0
0.8509827852249146 1.276089072227478
0.829064130783081 1.0235592126846313
0.7483790516853333 1.0
