0.0 0.05718877539038658
0.0 0.20494119822978973
0.0 0.20936495065689087
0.0 0.25539934635162354
0.0 0.27575716376304626
0.0 0.2817249596118927
0.0 0.2994067370891571
0.0 0.30601707100868225
0.0 0.31067749857902527
0.0 0.3121764659881592
0.0 0.3177541196346283
0.0 0.3197494149208069
0.0 0.3227067291736603
0.0 0.325086385011673
0.0 0.32983651757240295
0.0 0.33153092861175537
0.0 0.3484085500240326
0.0 0.35797104239463806
0.0 0.3845139741897583
0.0 0.3986424505710602
0.0 0.39897966384887695
0.0 0.40259474515914917
0.0 0.40475764870643616
0.0 0.40517356991767883
0.0 0.4318057894706726
0.0 0.4336862564086914
0.0 0.43770456314086914
0.0 0.4488345980644226
0.0 0.45069003105163574
0.0 0.4640945792198181
0.0 0.4707455635070801
0.0 0.48399409651756287
0.0 0.5158941149711609
0.0 0.5341189503669739
0.0 0.5386964678764343
0.0 0.5444943308830261
0.0 0.5475829243659973
0.0 0.5804829597473145
0.0 0.6019492149353027
0.0 0.6285951137542725
0.0 0.6414059996604919
0.0 0.6475005745887756
0.0 0.6481003165245056
0.0 0.6539320945739746
0.0 0.6546581387519836
0.0 0.6645770072937012
0.0 0.6647114157676697
0.0 0.671418309211731
0.0 0.680351972579956
0.0 0.6810676455497742
0.0 0.6844323873519897
0.0 0.6849734783172607
0.0 0.692003071308136
0.0 0.7016340494155884
0.0 0.7203758358955383
0.0 0.724257230758667
0.0 0.7308360934257507
0.0 0.7320045232772827
0.0 0.7423394322395325
0.0 0.7483497858047485
0.0 0.7545267343521118
0.0 0.7547165751457214
0.0 0.7567368745803833
0.0 0.7580230832099915
0.0 0.7614975571632385
0.0 0.7899576425552368
0.0 0.8004819750785828
0.0 0.8058140277862549
0.0 0.8062568306922913
0.0 0.8169351816177368
0.0 0.8263882398605347
0.0 0.8287023305892944
0.0 0.8397200703620911
0.0 0.842776894569397
0.0 0.8446536064147949
0.0 0.8528664708137512
0.0 0.8567186594009399
0.0 0.8570948839187622
0.0 0.8634675741195679
0.0 0.8644558191299438
0.0 0.8707292675971985
0.0 0.8745240569114685
0.0 0.8790205717086792
0.0 0.885671079158783
0.0 0.8960283994674683
0.0 0.8968913555145264
0.0 0.9091933965682983
0.0 0.915667712688446
0.0 0.9180449843406677
0.0 0.9290868639945984
0.0 0.9295928478240967
0.0 0.9325861930847168
0.0 0.9516487121582031
0.0 0.9517104029655457
0.0 0.9589665532112122
0.0 0.9717010855674744
0.0 0.9763160943984985
0.0 0.9825669527053833
0.0 0.9855669736862183
0.0 0.9862732887268066
0.0 0.9868813753128052
0.0 0.9977357387542725
0.0 0.9988278746604919
0.0 1.0
0.0 1.0
0.0 1.0
0.0 1.0
0.0 1.0
0.0 1.0
0.0 1.0
0.0 1.0
0.0 1.0
0.0 1.0
0.0 1.0
0.0 1.0
0.0 1.0
0.0 1.0
0.0 1.0
0.0 1.0
0.0 1.0
0.0 1.0
0.0 1.0
0.0 1.0
0.0 1.0
0.0 1.0
0.0 1.0
0.0 1.0
0.0 1.0
0.0 1.0
0.0 1.0
0.0 1.0
0.0 1.0
0.0 1.0
0.0 1.0
0.0 1.0
0.0 1.0
0.0 1.0
0.0 1.0
0.0 1.0
0.0 1.0
0.0 1.0178074836730957
0.0 1.0196646451950073
0.0 1.0615835189819336
0.0 1.0665583610534668
0.0 1.0671831369400024
0.0 1.164942741394043
0.0 1.2204591035842896
0.0 1.2265186309814453
0.0 1.2767213582992554
0.0 1.4393192529678345
0.0 1.4755550622940063
0.0 inf
1.748805046081543 1.8078572750091553
1.6314057111740112 1.932162880897522
1.5139602422714233 7.422591686248779
1.433912754058838 2.2563843727111816
1.3557970523834229 1.381410837173462
1.3075814247131348 1.832440733909607
1.2828105688095093 4.059882640838623
1.197049856185913 1.3337098360061646
1.1880840063095093 1.2242345809936523
1.1662607192993164 1.228542447090149
1.165515661239624 1.2053636312484741
1.0999677181243896 1.1242437362670898
1.0673974752426147 1.0701738595962524
1.0278079509735107 1.2313284873962402
1.0 1.0060592889785767
1.0 1.254152774810791
1.0 1.4363205432891846
1.0 1.1538262367248535
1.0 1.168239712715149
