0.0 0.02213745005428791
0.0 0.038552891463041306
0.0 0.0448487289249897
0.0 0.05794491618871689
0.0 0.059485021978616714
0.0 0.05994449183344841
0.0 0.06834123283624649
0.0 0.06867148727178574
0.0 0.07801584154367447
0.0 0.07868719846010208
0.0 0.08090812712907791
0.0 0.09627725183963776
0.0 0.09799955785274506
0.0 0.10060618072748184
0.0 0.1023775115609169
0.0 0.10957212746143341
0.0 0.11005077511072159
0.0 0.11444845795631409
0.0 0.11548985540866852
0.0 0.11686002463102341
0.0 0.12062974274158478
0.0 0.12586820125579834
0.0 0.13023369014263153
0.0 0.1304871290922165
0.0 0.1375540792942047
0.0 0.13910126686096191
0.0 0.14456146955490112
0.0 0.14871902763843536
0.0 0.15172965824604034
0.0 0.1518086940050125
0.0 0.1518886834383011
0.0 0.15199454128742218
0.0 0.15574190020561218
0.0 0.1589810997247696
0.0 0.16118058562278748
0.0 0.1657201498746872
0.0 0.16703097522258759
0.0 0.16774919629096985
0.0 0.1724943369626999
0.0 0.17970126867294312
0.0 0.18016989529132843
0.0 0.18107643723487854
0.0 0.18484020233154297
0.0 0.1857777237892151
0.0 0.1868213266134262
0.0 0.1913156509399414
0.0 0.19149422645568848
0.0 0.19793641567230225
0.0 0.19942589104175568
0.0 0.20008093118667603
0.0 0.20155012607574463
0.0 0.20334984362125397
0.0 0.20558102428913116
0.0 0.20574873685836792
0.0 0.20613530278205872
0.0 0.2101263701915741
0.0 0.2107352465391159
0.0 0.21218383312225342
0.0 0.21415534615516663
0.0 0.2142581045627594
0.0 0.21670927107334137
0.0 0.21691058576107025
0.0 0.21696919202804565
0.0 0.2175285965204239
0.0 0.22372224926948547
0.0 0.22439469397068024
0.0 0.22619202733039856
0.0 0.22807539999485016
0.0 0.2301858514547348
0.0 0.23186643421649933
0.0 0.23828834295272827
0.0 0.23904865980148315
0.0 0.2553621530532837
0.0 0.2629617750644684
0.0 0.26320087909698486
0.0 0.265952467918396
0.0 0.26784250140190125
0.0 0.2751065194606781
0.0 0.2760056257247925
0.0 0.2788363993167877
0.0 0.2799874246120453
0.0 0.28362590074539185
0.0 0.2844763398170471
0.0 0.28586822748184204
0.0 0.28729861974716187
0.0 0.29080188274383545
0.0 0.2910182774066925
0.0 0.2919914424419403
0.0 0.2938235402107239
0.0 0.2995665371417999
0.0 0.31014737486839294
0.0 0.3110513687133789
0.0 0.31137222051620483
0.0 0.3200850188732147
0.0 0.3204403519630432
0.0 0.3243404030799866
0.0 0.3265615403652191
0.0 0.33546677231788635
0.0 0.33780863881111145
0.0 0.3402572274208069
0.0 0.34028324484825134
0.0 0.3458108901977539
0.0 0.35213586688041687
0.0 0.356332927942276
0.0 0.356816828250885
0.0 0.3575848937034607
0.0 0.3655546009540558
0.0 0.37297242879867554
0.0 0.37485605478286743
0.0 0.382091760635376
0.0 0.38390737771987915
0.0 0.38591814041137695
0.0 0.3921016752719879
0.0 0.3976397216320038
0.0 0.3981676697731018
0.0 0.3986349105834961
0.0 0.40369659662246704
0.0 0.4110279977321625
0.0 0.4142374098300934
0.0 0.4146014451980591
0.0 0.41706040501594543
0.0 0.42086634039878845
0.0 0.43158483505249023
0.0 0.43350112438201904
0.0 0.43802961707115173
0.0 0.4429911971092224
0.0 0.44309642910957336
0.0 0.44507303833961487
0.0 0.45758557319641113
0.0 0.46354442834854126
0.0 0.46465420722961426
0.0 0.467238187789917
0.0 0.46795400977134705
0.0 0.4717687964439392
0.0 0.48239365220069885
0.0 0.4860904812812805
0.0 0.48902207612991333
0.0 0.49163684248924255
0.0 0.5023638606071472
0.0 0.5025508403778076
0.0 0.5145925879478455
0.0 0.5175069570541382
0.0 0.5290704369544983
0.0 0.540572464466095
0.0 0.5440579056739807
0.0 0.5620697736740112
0.0 0.5670150518417358
0.0 0.5782893300056458
0.0 0.5793785452842712
0.0 0.5980581641197205
0.0 0.6207114458084106
0.0 inf
0.7551310658454895 0.7903935313224792
0.7372300624847412 0.7615213990211487
0.7106317281723022 0.715777575969696
0.7064606547355652 0.72504061460495
0.6882719397544861 2.155705451965332
0.6878509521484375 0.7388177514076233
0.6333098411560059 0.6791048645973206
0.6320630311965942 0.7369444370269775
0.630118727684021 0.692958414554596
0.6290178894996643 2.212864875793457
0.5945048332214355 0.6669812798500061
0.5794949531555176 0.5810022354125977
0.5590442419052124 0.5737619400024414
0.5392762422561646 0.5963728427886963
0.4998640716075897 0.8876454830169678
0.48896661400794983 0.5027094483375549
0.4249860644340515 0.4817800521850586
0.4050341248512268 0.5539857149124146
0.3706023395061493 0.40456557273864746
