0.0 0.02347608469426632
0.0 0.04591383412480354
0.0 0.056604962795972824
0.0 0.05976104363799095
0.0 0.060637686401605606
0.0 0.06096426770091057
0.0 0.06844983994960785
0.0 0.07925069332122803
0.0 0.0796591192483902
0.0 0.08347660303115845
0.0 0.08415061235427856
0.0 0.09714017063379288
0.0 0.1079668179154396
0.0 0.11153258383274078
0.0 0.11180907487869263
0.0 0.11206772923469543
0.0 0.11392979323863983
0.0 0.12391123175621033
0.0 0.1287377029657364
0.0 0.1336403638124466
0.0 0.13485321402549744
0.0 0.13782982528209686
0.0 0.1444193422794342
0.0 0.14559681713581085
0.0 0.14885056018829346
0.0 0.14939436316490173
0.0 0.15232722461223602
0.0 0.15451130270957947
0.0 0.15661300718784332
0.0 0.16398660838603973
0.0 0.16893459856510162
0.0 0.16961027681827545
0.0 0.1720283329486847
0.0 0.17230847477912903
0.0 0.1775231957435608
0.0 0.17845655977725983
0.0 0.18441875278949738
0.0 0.18740011751651764
0.0 0.18753942847251892
0.0 0.19014599919319153
0.0 0.19174541532993317
0.0 0.19275206327438354
0.0 0.19279196858406067
0.0 0.1935732364654541
0.0 0.19802644848823547
0.0 0.19837677478790283
0.0 0.19846853613853455
0.0 0.20414243638515472
0.0 0.2095988392829895
0.0 0.21001990139484406
0.0 0.21058763563632965
0.0 0.2114204317331314
0.0 0.21406829357147217
0.0 0.2152404487133026
0.0 0.21670228242874146
0.0 0.2169174998998642
0.0 0.21705497801303864
0.0 0.22212620079517365
0.0 0.22816695272922516
0.0 0.2307722121477127
0.0 0.23165789246559143
0.0 0.23166128993034363
0.0 0.231996551156044
0.0 0.23880358040332794
0.0 0.2394285500049591
0.0 0.24466045200824738
0.0 0.24521692097187042
0.0 0.24931833148002625
0.0 0.2514360249042511
0.0 0.2543904483318329
0.0 0.25578320026397705
0.0 0.26175424456596375
0.0 0.26323679089546204
0.0 0.2680952548980713
0.0 0.2786538004875183
0.0 0.28024283051490784
0.0 0.2863466441631317
0.0 0.2913346290588379
0.0 0.2929784953594208
0.0 0.3043741285800934
0.0 0.30600404739379883
0.0 0.30967769026756287
0.0 0.31064125895500183
0.0 0.31479769945144653
0.0 0.3151686191558838
0.0 0.31529560685157776
0.0 0.315509170293808
0.0 0.31555941700935364
0.0 0.32102644443511963
0.0 0.32483211159706116
0.0 0.32778847217559814
0.0 0.33425652980804443
0.0 0.33733469247817993
0.0 0.34278830885887146
0.0 0.34440380334854126
0.0 0.3447575867176056
0.0 0.35374972224235535
0.0 0.354447603225708
0.0 0.3575485646724701
0.0 0.35915929079055786
0.0 0.3618166744709015
0.0 0.37935400009155273
0.0 0.3817901313304901
0.0 0.38319429755210876
0.0 0.38698261976242065
0.0 0.390407532453537
0.0 0.39314571022987366
0.0 0.39454156160354614
0.0 0.39455053210258484
0.0 0.3986116051673889
0.0 0.41002705693244934
0.0 0.4122794270515442
0.0 0.41276323795318604
0.0 0.41446980834007263
0.0 0.41599947214126587
0.0 0.419056236743927
0.0 0.4203985035419464
0.0 0.4213126599788666
0.0 0.4236573576927185
0.0 0.424176961183548
0.0 0.4377445578575134
0.0 0.4436427652835846
0.0 0.4467785954475403
0.0 0.4505704343318939
0.0 0.45073556900024414
0.0 0.4593574106693268
0.0 0.4626622200012207
0.0 0.47259578108787537
0.0 0.47683897614479065
0.0 0.4818130135536194
0.0 0.48774775862693787
0.0 0.48950469493865967
0.0 0.4909760057926178
0.0 0.49101516604423523
0.0 0.4915468096733093
0.0 0.49532943964004517
0.0 0.5002679824829102
0.0 0.5057051181793213
0.0 0.5121819376945496
0.0 0.5175547003746033
0.0 0.5303741693496704
0.0 0.5425435304641724
0.0 0.5456988215446472
0.0 0.5581092834472656
0.0 0.5752951502799988
0.0 0.5804259777069092
0.0 0.5880330801010132
0.0 0.5937201380729675
0.0 0.5982998609542847
0.0 0.6139907836914062
0.0 0.6218485236167908
0.0 inf
0.7954962253570557 0.7966338992118835
0.7852722406387329 0.7909170985221863
0.7654346823692322 0.8172262907028198
0.7447209358215332 2.1823320388793945
0.7154006958007812 0.747412383556366
0.691941499710083 2.4660229682922363
0.6868448257446289 0.7773371934890747
0.6573871970176697 0.6949892640113831
0.6471428871154785 0.6971966624259949
0.634960949420929 0.7747926712036133
0.6130249500274658 0.6834913492202759
0.5954047441482544 0.6332200765609741
0.5938394069671631 0.5953840017318726
0.5353882908821106 0.5536927580833435
0.5193339586257935 0.9028167724609375
0.47051259875297546 0.6188681721687317
0.4282415807247162 0.49103960394859314
0.4021599590778351 0.41783571243286133
